0
0.0995396
0.177061
0.237435
0.284454
0.321073
0.349591
0.371802
0.389099
0.40257
0.413062
0.421232
0.427596
0.432552
0.436411
0.439417
0.441758
0.443581
0.445001
0.446107
0.446968
0.447639
0.448161
0.448568
0.448885
0.449131
0.449323
0.449473
0.44959
0.44968
0.449751
0.449806
0.449849
0.449882
0.449908
0.449929
0.449944
0.449957
0.449966
0.449974
0.44998
0.449984
0.449988
0.44999
0.449992
0.449994
0.449995
0.449996
0.449997
0.449998
0.449998
0.449999
0.449999
0.449999
0.449999
0.45
0.45
0.45
0.45
0.45
0.45
0.45
0.45
0.45
0.45
0.45
0.45
0.45
0.45
0.45
0.45
0.45
0.45
0.45
0.45
0.45
0.45
0.45
0.45
0.45
0.45
0.45
0.45
0.45
0.45
0.45
0.45
0.45
0.45
0.45
0.45
0.45
0.45
0.45
0.45
0.45
0.45
0.45
0.45
0.45
0.45
0.45
0.45
0.45
0.45
0.45
0.45
0.45
0.45
0.45
0.45
0.45
0.45
0.45
0.45
0.45
0.45
0.45
0.45
0.45
0.45
0.45
0.45
0.45
0.45
0.45
0.45
0.45
0.45
0.45
0.45
0.45
0.45
0.45
0.45
0.45
0.45
0.45
0.45
0.45
0.45
0.45
0.45
0.45
0.45
0.45
0.45
0.45
0.45
0.45
0.45
0.45
0.45
0.45
0.45
0.45
0.45
0.45
0.45
0.45
0.45
0.45
0.45
0.45
0.45
0.45
0.45
0.45
0.45
0.45
0.45
0.45
0.45
0.45
0.45
0.45
0.45
0.45
0.45
0.45
0.45
0.45
0.45
0.45
0.45
0.45
0.45
0.45
0.45
0.45
0.45
0.45
0.45
0.45
0.45
0.45
0.45
0.45
0.45
0.45
0.45
0.45
0.45
0.45
0.45
0.45
0.45
0.45
0.45
0.45
0.45
0.45
0.45
0.45
0.45
0.45
0.45
0.45
0.45
0.45
0.45
0.45
0.45
0.45
0.45
0.45
0.45
0.45
0.45
0.45
0.45
0.45
0.45
0.45
0.45
0.45
0.45
0.45
0.45
0.45
0.45
0.45
0.45
0.45
0.45
0.45
0.45
0.45
0.45
0.45
0.45
0.45
0.45
0.45
0.45
0.45
0.45
0.45
0.45
0.45
0.45
0.45
0.45
0.45
0.45
0.45
0.45
0.45
0.45
0.45
0.45
0.45
0.45
0.45
0.45
0.45
0.45
0.45
0.45
0.45
0.45
0.45
0.45
0.45
0.45
0.45
0.45
0.45
0.45
0.45
0.45
0.45
0.45
0.45
0.45
0.45
0.45
0.45
0.45
0.45
0.45
0.433386
0.387291
0.351393
0.323435
0.301661
0.284704
0.271497
0.261212
0.253202
0.246964
0.242105
0.238322
0.235375
0.23308
0.231293
0.229901
0.228817
0.227972
0.227315
0.226803
0.226404
0.226094
0.225852
0.225663
0.225517
0.225402
0.225313
0.225244
0.22519
0.225148
0.225115
0.22509
0.22507
0.225054
0.225042
0.225033
0.225026
0.22502
0.225016
0.225012
0.225009
0.225007
0.225006
0.225004
0.225003
0.225003
0.225002
0.225002
0.225001
0.225001
0.225001
0.225001
0.225
0.225
0.225
0.225
0.225
0.225
0.225
0.225
0.225
0.225
0.225
0.225
0.225
0.225
0.225
0.225
0.225
0.225
0.225
0.225
0.225
0.225
0.225
0.225
0.225
0.225
0.225
0.225
0.225
0.225
0.225
0.225
0.225
0.225
0.225
0.225
0.225
0.225
0.225
0.225
0.225
0.225
0.225
0.225
0.225
0.225
0.225
0.225
0.225
0.225
0.225
0.225
0.225
0.225
0.225
0.225
0.225
0.225
0.225
0.225
0.225
0.225
0.225
0.225
0.225
0.225
0.225
0.225
0.225
0.225
0.225
0.225
0.225
0.225
0.225
0.225
0.225
0.225
0.225
0.225
0.225
0.225
0.225
0.225
0.225
0.225
0.225
0.225
0.225
0.225
0.225
0.225
0.225
0.225
0.225
0.225
0.225
0.225
0.225
0.225
0.225
0.225
0.225
0.225
0.225
0.225
0.225
0.225
0.225
0.225
0.225
0.225
0.225
0.225
0.225
0.225
0.225
0.225
0.225
0.225
0.225
0.225
0.225
0.225
0.225
0.225
0.225
0.225
0.225
0.225
0.225
0.225
0.225
0.225
0.225
0.225
0.225
0.225
0.225
0.225
0.225
0.225
0.225
0.225
0.225
0.225
0.225
0.225
0.225
0.225
0.225
0.225
0.225
0.225
0.225
0.225
0.225
0.225
0.225
0.225
0.225
0.225
0.225
0.225
0.225
0.225
0.225
0.225
0.225
0.225
0.225
0.225
0.225
0.225
0.225
0.225
0.225
0.225
0.225
0.225
0.225
0.225
0.225
0.225
0.225
0.225
0.225
0.225
0.225
0.225
0.225
0.225
0.225
0.225
0.225
0.225
0.225
0.225
0.225
0.225
0.225
0.225
0.225
0.225
0.225
0.225
0.225
0.225
0.225
0.225
0.225
0.225
0.225
0.225
0.225
0.225
0.225
0.225
0.225
0.225
0.225
0.225
0.225
0.225
0.225
0.225
0.225
0.225
0.225
0.225
0.225
0.225
0.225
0.225
0.225
0.225
0.225
0.225
0.225
0.225
0.225
0.225
0.225
0.225
0.225
0.225
0.225
0.225
0.225
0.225
0.201874
0.182105
0.166708
0.154717
0.145379
0.138106
0.132442
0.128031
0.124595
0.12192
0.119836
0.118213
0.11695
0.115965
0.115199
0.114602
0.114137
0.113775
0.113493
0.113273
0.113102
0.112969
0.112865
0.112784
0.112722
0.112673
0.112634
0.112605
0.112581
0.112563
0.112549
0.112538
0.11253
0.112523
0.112518
0.112514
0.112511
0.112509
0.112507
0.112505
0.112504
0.112503
0.112502
0.112502
0.112501
0.112501
0.112501
0.112501
0.112501
0.1125
0.1125
0.1125
0.1125
0.1125
0.1125
0.1125
0.1125
0.1125
0.1125
0.1125
0.1125
0.1125
0.1125
0.1125
0.1125
0.1125
0.1125
0.1125
0.1125
0.1125
0.1125
0.1125
0.1125
0.1125
0.1125
0.1125
0.1125
0.1125
0.1125
0.1125
0.1125
0.1125
0.1125
0.1125
0.1125
0.1125
0.1125
0.1125
0.1125
0.1125
0.1125
0.1125
0.1125
0.1125
0.1125
0.1125
0.1125
0.1125
0.1125
0.1125
0.1125
0.1125
0.1125
0.1125
0.1125
0.1125
0.1125
0.1125
0.1125
0.1125
0.1125
0.1125
0.1125
0.1125
0.1125
0.1125
0.1125
0.1125
0.1125
0.1125
0.1125
0.1125
0.1125
0.1125
0.1125
0.1125
0.1125
0.1125
0.1125
0.1125
0.1125
0.1125
0.1125
0.1125
0.1125
0.1125
0.1125
0.1125
0.1125
0.1125
0.1125
0.1125
0.1125
0.1125
0.1125
0.1125
0.1125
0.1125
0.1125
0.1125
0.1125
0.1125
0.1125
0.1125
0.1125
0.1125
0.1125
0.1125
0.1125
0.1125
0.1125
0.1125
0.1125
0.1125
0.1125
0.1125
0.1125
0.1125
0.1125
0.1125
0.1125
0.1125
0.1125
0.1125
0.1125
0.1125
0.1125
0.1125
0.1125
0.1125
0.1125
0.1125
0.1125
0.1125
0.1125
0.1125
0.1125
0.1125
0.1125
0.1125
0.1125
0.1125
0.1125
0.1125
0.1125
0.1125
0.1125
0.1125
0.1125
0.1125
0.1125
0.1125
0.1125
0.1125
0.1125
0.1125
0.1125
0.1125
0.1125
0.1125
0.1125
0.1125
0.1125
0.1125
0.1125
0.1125
0.1125
0.1125
0.1125
0.1125
0.1125
0.1125
0.1125
0.1125
0.1125
0.1125
0.1125
0.1125
0.1125
0.1125
0.1125
0.1125
0.1125
0.1125
0.1125
0.1125
0.1125
0.1125
0.1125
0.1125
0.1125
0.1125
0.1125
0.1125
0.1125
0.1125
0.1125
0.1125
0.1125
0.1125
0.1125
0.1125
0.1125
0.1125
0.1125
0.1125
0.1125
0.1125
0.1125
0.1125
0.1125
0.1125
0.1125
0.1125
0.1125
0.1125
0.1125
0.1125
0.1125
0.1125
0.1125
0.1125
0.1125
0.1125
0.1125
0.1125
0.1125
0.1125
0.1125
0.1125
0.1125
0.1125
0.1125
0.1125
0.1125
0.1125
0.1125
0.1125
0.1125
0.1125
0.1125
0.1125
0.1125
0.1125
0.1125
0.1125
0.1125
0.1125
0.1125
0.1125
0.1125
0.1125
0.101834
0.0917512
0.0838983
0.0777825
0.0730196
0.0693102
0.0664213
0.0641714
0.0624192
0.0610546
0.0599918
0.0591641
0.0585195
0.0580175
0.0576265
0.057322
0.0570849
0.0569002
0.0567564
0.0566444
0.0565571
0.0564892
0.0564363
0.0563951
0.056363
0.056338
0.0563185
0.0563034
0.0562916
0.0562824
0.0562752
0.0562696
0.0562653
0.0562619
0.0562593
0.0562572
0.0562556
0.0562544
0.0562534
0.0562527
0.0562521
0.0562516
0.0562513
0.056251
0.0562508
0.0562506
0.0562505
0.0562504
0.0562503
0.0562502
0.0562502
0.0562501
0.0562501
0.0562501
0.0562501
0.05625
0.05625
0.05625
0.05625
0.05625
0.05625
0.05625
0.05625
0.05625
0.05625
0.05625
0.05625
0.05625
0.05625
0.05625
0.05625
0.05625
0.05625
0.05625
0.05625
0.05625
0.05625
0.05625
0.05625
0.05625
0.05625
0.05625
0.05625
0.05625
0.05625
0.05625
0.05625
0.05625
0.05625
0.05625
0.05625
0.05625
0.05625
0.05625
0.05625
0.05625
0.05625
0.05625
0.05625
0.05625
0.05625
0.05625
0.05625
0.05625
0.05625
0.05625
0.05625
0.05625
0.05625
0.05625
0.05625
0.05625
0.05625
0.05625
0.05625
0.05625
0.05625
0.05625
0.05625
0.05625
0.05625
0.05625
0.05625
0.05625
0.05625
0.05625
0.05625
0.05625
0.05625
0.05625
0.05625
0.05625
0.05625
0.05625
0.05625
0.05625
0.05625
0.05625
0.05625
0.05625
0.05625
0.05625
0.05625
0.05625
0.05625
0.05625
0.05625
0.05625
0.05625
0.05625
0.05625
0.05625
0.05625
0.05625
0.05625
0.05625
0.05625
0.05625
0.05625
0.05625
0.05625
0.05625
0.05625
0.05625
0.05625
0.05625
0.05625
0.05625
0.05625
0.05625
0.05625
0.05625
0.05625
0.05625
0.05625
0.05625
0.05625
0.05625
0.05625
0.05625
0.05625
0.05625
0.05625
0.05625
0.05625
0.05625
0.05625
0.05625
0.05625
0.05625
0.05625
0.05625
0.05625
0.05625
0.05625
0.05625
0.05625
0.05625
0.05625
0.05625
0.05625
0.05625
0.05625
0.05625
0.05625
0.05625
0.05625
0.05625
0.05625
0.05625
0.05625
0.05625
0.05625
0.05625
0.05625
0.05625
0.05625
0.05625
0.05625
0.05625
0.05625
0.05625
0.05625
0.05625
0.05625
0.05625
0.05625
0.05625
0.05625
0.05625
0.05625
0.05625
0.05625
0.05625
0.05625
0.05625
0.05625
0.05625
0.05625
0.05625
0.05625
0.05625
0.05625
0.05625
0.05625
0.05625
0.05625
0.05625
0.05625
0.05625
0.05625
0.05625
0.05625
0.05625
0.05625
0.05625
0.05625
0.05625
0.05625
0.05625
0.05625
0.05625
0.05625
0.05625
0.05625
0.05625
0.05625
0.05625
0.05625
0.05625
0.05625
0.05625
0.05625
0.05625
0.05625
0.05625
0.05625
0.05625
0.05625
0.05625
0.05625
0.05625
0.05625
0.05625
0.05625
0.05625
0.05625
0.05625
0.05625
0.05625
0.05625
0.05625
0.05625
0.05625
0.05625
0.05625
0.05625
0.05625
0.05625
0.05625
0.05625
0.05625
0.0557746
0.0496585
0.0448953
0.0411857
0.0382967
0.0360467
0.0342945
0.0329298
0.031867
0.0310392
0.0303946
0.0298926
0.0295016
0.0291971
0.0289599
0.0287753
0.0286314
0.0285194
0.0284322
0.0283642
0.0283113
0.0282701
0.028238
0.028213
0.0281935
0.0281784
0.0281666
0.0281574
0.0281502
0.0281446
0.0281403
0.0281369
0.0281343
0.0281322
0.0281306
0.0281294
0.0281284
0.0281277
0.0281271
0.0281266
0.0281263
0.028126
0.0281258
0.0281256
0.0281255
0.0281254
0.0281253
0.0281252
0.0281252
0.0281251
0.0281251
0.0281251
0.0281251
0.028125
0.028125
0.028125
0.028125
0.028125
0.028125
0.028125
0.028125
0.028125
0.028125
0.028125
0.028125
0.028125
0.028125
0.028125
0.028125
0.028125
0.028125
0.028125
0.028125
0.028125
0.028125
0.028125
0.028125
0.028125
0.028125
0.028125
0.028125
0.028125
0.028125
0.028125
0.028125
0.028125
0.028125
0.028125
0.028125
0.028125
0.028125
0.028125
0.028125
0.028125
0.028125
0.028125
0.028125
0.028125
0.028125
0.028125
0.028125
0.028125
0.028125
0.028125
0.028125
0.028125
0.028125
0.028125
0.028125
0.028125
0.028125
0.028125
0.028125
0.028125
0.028125
0.028125
0.028125
0.028125
0.028125
0.028125
0.028125
0.028125
0.028125
0.028125
0.028125
0.028125
0.028125
0.028125
0.028125
0.028125
0.028125
0.028125
0.028125
0.028125
0.028125
0.028125
0.028125
0.028125
0.028125
0.028125
0.028125
0.028125
0.028125
0.028125
0.028125
0.028125
0.028125
0.028125
0.028125
0.028125
0.028125
0.028125
0.028125
0.028125
0.028125
0.028125
0.028125
0.028125
0.028125
0.028125
0.028125
0.028125
0.028125
0.028125
0.028125
0.028125
0.028125
0.028125
0.028125
0.028125
0.028125
0.028125
0.028125
0.028125
0.028125
0.028125
0.028125
0.028125
0.028125
0.028125
0.028125
0.028125
0.028125
0.028125
0.028125
0.028125
0.028125
0.028125
0.028125
0.028125
0.028125
0.028125
0.028125
0.028125
0.028125
0.028125
0.028125
0.028125
0.028125
0.028125
0.028125
0.028125
0.028125
0.028125
0.028125
0.028125
0.028125
0.028125
0.028125
0.028125
0.028125
0.028125
0.028125
0.028125
0.028125
0.028125
0.028125
0.028125
0.028125
0.028125
0.028125
0.028125
0.028125
0.028125
0.028125
0.028125
0.028125
0.028125
0.028125
0.028125
0.028125
0.028125
0.028125
0.028125
0.028125
0.028125
0.028125
0.028125
0.028125
0.028125
0.028125
0.028125
0.028125
0.028125
0.028125
0.028125
0.028125
0.028125
0.028125
0.028125
0.028125
0.028125
0.028125
0.028125
0.028125
0.028125
0.028125
0.028125
0.028125
0.028125
0.028125
0.028125
0.028125
0.028125
0.028125
0.028125
0.028125
0.028125
0.028125
0.028125
0.028125
0.028125
0.028125
0.028125
0.028125
0.028125
0.028125
0.028125
0.028125
0.028125
0.028125
0.028125
0.028125
0.028125
0.028125
0.028125
0.028125
0.028125
0.028125
0.028125
0.028125
0.028125
0.028125
0.028125
0.028125
0.028125
0.028125
0.028125
0.028125
0.028125
0.028125
0.028125
0.028125
0.028125
0.0261598
0.0234839
0.0213999
0.0197769
0.0185129
0.0175284
0.0167618
0.0161647
0.0156997
0.0153376
0.0150555
0.0148359
0.0146648
0.0145316
0.0144278
0.014347
0.0142841
0.0142351
0.0141969
0.0141672
0.014144
0.014126
0.0141119
0.014101
0.0140925
0.0140859
0.0140807
0.0140767
0.0140735
0.0140711
0.0140692
0.0140677
0.0140666
0.0140657
0.014065
0.0140644
0.014064
0.0140637
0.0140634
0.0140632
0.014063
0.0140629
0.0140628
0.0140628
0.0140627
0.0140627
0.0140626
0.0140626
0.0140626
0.0140626
0.0140625
0.0140625
0.0140625
0.0140625
0.0140625
0.0140625
0.0140625
0.0140625
0.0140625
0.0140625
0.0140625
0.0140625
0.0140625
0.0140625
0.0140625
0.0140625
0.0140625
0.0140625
0.0140625
0.0140625
0.0140625
0.0140625
0.0140625
0.0140625
0.0140625
0.0140625
0.0140625
0.0140625
0.0140625
0.0140625
0.0140625
0.0140625
0.0140625
0.0140625
0.0140625
0.0140625
0.0140625
0.0140625
0.0140625
0.0140625
0.0140625
0.0140625
0.0140625
0.0140625
0.0140625
0.0140625
0.0140625
0.0140625
0.0140625
0.0140625
0.0140625
0.0140625
0.0140625
0.0140625
0.0140625
0.0140625
0.0140625
0.0140625
0.0140625
0.0140625
0.0140625
0.0140625
0.0140625
0.0140625
0.0140625
0.0140625
0.0140625
0.0140625
0.0140625
0.0140625
0.0140625
0.0140625
0.0140625
0.0140625
0.0140625
0.0140625
0.0140625
0.0140625
0.0140625
0.0140625
0.0140625
0.0140625
0.0140625
0.0140625
0.0140625
0.0140625
0.0140625
0.0140625
0.0140625
0.0140625
0.0140625
0.0140625
0.0140625
0.0140625
0.0140625
0.0140625
0.0140625
0.0140625
0.0140625
0.0140625
0.0140625
0.0140625
0.0140625
0.0140625
0.0140625
0.0140625
0.0140625
0.0140625
0.0140625
0.0140625
0.0140625
0.0140625
0.0140625
0.0140625
0.0140625
0.0140625
0.0140625
0.0140625
0.0140625
0.0140625
0.0140625
0.0140625
0.0140625
0.0140625
0.0140625
0.0140625
0.0140625
0.0140625
0.0140625
0.0140625
0.0140625
0.0140625
0.0140625
0.0140625
0.0140625
0.0140625
0.0140625
0.0140625
0.0140625
0.0140625
0.0140625
0.0140625
0.0140625
0.0140625
0.0140625
0.0140625
0.0140625
0.0140625
0.0140625
0.0140625
0.0140625
0.0140625
0.0140625
0.0140625
0.0140625
0.0140625
0.0140625
0.0140625
0.0140625
0.0140625
0.0140625
0.0140625
0.0140625
0.0140625
0.0140625
0.0140625
0.0140625
0.0140625
0.0140625
0.0140625
0.0140625
0.0140625
0.0140625
0.0140625
0.0140625
0.0140625
0.0140625
0.0140625
0.0140625
0.0140625
0.0140625
0.0140625
0.0140625
0.0140625
0.0140625
0.0140625
0.0140625
0.0140625
0.0140625
0.0140625
0.0140625
0.0140625
0.0140625
0.0140625
0.0140625
0.0140625
0.0140625
0.0140625
0.0140625
0.0140625
0.0140625
0.0140625
0.0140625
0.0140625
0.0140625
0.0140625
0.0140625
0.0140625
0.0140625
0.0140625
0.0140625
0.0140625
0.0140625
0.0140625
0.0140625
0.0140625
0.0140625
0.0140625
0.0140625
0.0140625
0.0140625
0.0140625
0.0140625
0.0140625
0.0140625
0.0140625
0.0140625
0.0140625
0.0140625
0.0140625
0.0140625
0.0140625
0.0140625
0.0140625
0.0140625
0.0140625
0.0140625
0.0140625
0.0140625
0.0140625
0.0140625
0.0140625
0.0140625
0.0140625
0.0140625
0.0140625
0.0140625
0.0140625
0.0140625
0.0140625
0.0140625
0.0140625
0.0140625
0.0140625
0.0133261
0.0119337
0.0108493
0.0100047
0.00934701
0.00883476
0.00843583
0.00812514
0.00788317
0.00769473
0.00754797
0.00743367
0.00734465
0.00727533
0.00722134
0.00717929
0.00714654
0.00712104
0.00710118
0.00708571
0.00707366
0.00706428
0.00705698
0.00705129
0.00704685
0.0070434
0.00704071
0.00703862
0.00703699
0.00703572
0.00703473
0.00703396
0.00703336
0.00703289
0.00703253
0.00703225
0.00703203
0.00703186
0.00703172
0.00703162
0.00703154
0.00703147
0.00703142
0.00703138
0.00703136
0.00703133
0.00703131
0.0070313
0.00703129
0.00703128
0.00703127
0.00703127
0.00703126
0.00703126
0.00703126
0.00703126
0.00703126
0.00703125
0.00703125
0.00703125
0.00703125
0.00703125
0.00703125
0.00703125
0.00703125
0.00703125
0.00703125
0.00703125
0.00703125
0.00703125
0.00703125
0.00703125
0.00703125
0.00703125
0.00703125
0.00703125
0.00703125
0.00703125
0.00703125
0.00703125
0.00703125
0.00703125
0.00703125
0.00703125
0.00703125
0.00703125
0.00703125
0.00703125
0.00703125
0.00703125
0.00703125
0.00703125
0.00703125
0.00703125
0.00703125
0.00703125
0.00703125
0.00703125
0.00703125
0.00703125
0.00703125
0.00703125
0.00703125
0.00703125
0.00703125
0.00703125
0.00703125
0.00703125
0.00703125
0.00703125
0.00703125
0.00703125
0.00703125
0.00703125
0.00703125
0.00703125
0.00703125
0.00703125
0.00703125
0.00703125
0.00703125
0.00703125
0.00703125
0.00703125
0.00703125
0.00703125
0.00703125
0.00703125
0.00703125
0.00703125
0.00703125
0.00703125
0.00703125
0.00703125
0.00703125
0.00703125
0.00703125
0.00703125
0.00703125
0.00703125
0.00703125
0.00703125
0.00703125
0.00703125
0.00703125
0.00703125
0.00703125
0.00703125
0.00703125
0.00703125
0.00703125
0.00703125
0.00703125
0.00703125
0.00703125
0.00703125
0.00703125
0.00703125
0.00703125
0.00703125
0.00703125
0.00703125
0.00703125
0.00703125
0.00703125
0.00703125
0.00703125
0.00703125
0.00703125
0.00703125
0.00703125
0.00703125
0.00703125
0.00703125
0.00703125
0.00703125
0.00703125
0.00703125
0.00703125
0.00703125
0.00703125
0.00703125
0.00703125
0.00703125
0.00703125
0.00703125
0.00703125
0.00703125
0.00703125
0.00703125
0.00703125
0.00703125
0.00703125
0.00703125
0.00703125
0.00703125
0.00703125
0.00703125
0.00703125
0.00703125
0.00703125
0.00703125
0.00703125
0.00703125
0.00703125
0.00703125
0.00703125
0.00703125
0.00703125
0.00703125
0.00703125
0.00703125
0.00703125
0.00703125
0.00703125
0.00703125
0.00703125
0.00703125
0.00703125
0.00703125
0.00703125
0.00703125
0.00703125
0.00703125
0.00703125
0.00703125
0.00703125
0.00703125
0.00703125
0.00703125
0.00703125
0.00703125
0.00703125
0.00703125
0.00703125
0.00703125
0.00703125
0.00703125
0.00703125
0.00703125
0.00703125
0.00703125
0.00703125
0.00703125
0.00703125
0.00703125
0.00703125
0.00703125
0.00703125
0.00703125
0.00703125
0.00703125
0.00703125
0.00703125
0.00703125
0.00703125
0.00703125
0.00703125
0.00703125
0.00703125
0.00703125
0.00703125
0.00703125
0.00703125
0.00703125
0.00703125
0.00703125
0.00703125
0.00703125
0.00703125
0.00703125
0.00703125
0.00703125
0.00703125
0.00703125
0.00703125
0.00703125
0.00703125
0.00703125
0.00703125
0.00703125
0.00703125
0.00703125
0.00703125
0.00703125
0.00703125
0.00703125
0.00703125
0.00703125
0.00703125
0.00703125
0.00703125
0.00703125
0.00703125
0.00703125
0.00703125
0.00703125
0.00703125
0.00703125
0.00703125
0.00703125
0.00703125
0.00703125
0.00703125
0.00703125
0.00654984
0.00587868
0.00535597
0.00494889
0.00463185
0.00438494
0.00419265
0.00404289
0.00392626
0.00383543
0.00376469
0.0037096
0.00366669
0.00363327
0.00360725
0.00358698
0.0035712
0.00355891
0.00354933
0.00354188
0.00353607
0.00353155
0.00352803
0.00352528
0.00352315
0.00352148
0.00352019
0.00351918
0.00351839
0.00351778
0.0035173
0.00351693
0.00351664
0.00351642
0.00351624
0.00351611
0.003516
0.00351592
0.00351585
0.0035158
0.00351576
0.00351573
0.00351571
0.00351569
0.00351568
0.00351566
0.00351566
0.00351565
0.00351564
0.00351564
0.00351564
0.00351563
0.00351563
0.00351563
0.00351563
0.00351563
0.00351563
0.00351563
0.00351563
0.00351563
0.00351563
0.00351563
0.00351563
0.00351563
0.00351563
0.00351563
0.00351563
0.00351563
0.00351563
0.00351563
0.00351563
0.00351563
0.00351563
0.00351563
0.00351563
0.00351563
0.00351563
0.00351563
0.00351563
0.00351563
0.00351563
0.00351563
0.00351563
0.00351563
0.00351563
0.00351563
0.00351563
0.00351563
0.00351563
0.00351563
0.00351563
0.00351563
0.00351563
0.00351563
0.00351563
0.00351563
0.00351563
0.00351563
0.00351563
0.00351563
0.00351563
0.00351563
0.00351563
0.00351563
0.00351563
0.00351563
0.00351563
0.00351563
0.00351563
0.00351563
0.00351563
0.00351563
0.00351563
0.00351563
0.00351563
0.00351563
0.00351563
0.00351563
0.00351563
0.00351563
0.00351563
0.00351563
0.00351563
0.00351563
0.00351563
0.00351563
0.00351563
0.00351563
0.00351563
0.00351562
0.00351562
0.00351562
0.00351562
0.00351562
0.00351562
0.00351562
0.00351562
0.00351562
0.00351562
0.00351562
0.00351562
0.00351562
0.00351562
0.00351562
0.00351562
0.00351562
0.00351562
0.00351562
0.00351562
0.00351562
0.00351562
0.00351562
0.00351562
0.00351562
0.00351562
0.00351562
0.00351562
0.00351562
0.00351562
0.00351562
0.00351562
0.00351562
0.00351562
0.00351562
0.00351562
0.00351562
0.00351562
0.00351562
0.00351562
0.00351562
0.00351562
0.00351562
0.00351562
0.00351562
0.00351562
0.00351562
0.00351562
0.00351562
0.00351562
0.00351562
0.00351562
0.00351562
0.00351562
0.00351562
0.00351562
0.00351562
0.00351562
0.00351562
0.00351562
0.00351562
0.00351562
0.00351562
0.00351562
0.00351562
0.00351562
0.00351562
0.00351562
0.00351562
0.00351562
0.00351562
0.00351562
0.00351562
0.00351562
0.00351562
0.00351562
0.00351562
0.00351562
0.00351562
0.00351562
0.00351562
0.00351562
0.00351562
0.00351562
0.00351562
0.00351562
0.00351562
0.00351562
0.00351562
0.00351562
0.00351562
0.00351562
0.00351562
0.00351562
0.00351562
0.00351562
0.00351562
0.00351562
0.00351562
0.00351562
0.00351562
0.00351562
0.00351562
0.00351562
0.00351562
0.00351562
0.00351562
0.00351562
0.00351562
0.00351562
0.00351562
0.00351562
0.00351562
0.00351562
0.00351562
0.00351562
0.00351562
0.00351562
0.00351562
0.00351562
0.00351562
0.00351562
0.00351562
0.00351562
0.00351562
0.00351562
0.00351562
0.00351562
0.00351562
0.00351562
0.00351562
0.00351562
0.00351562
0.00351562
0.00351562
0.00351562
0.00351562
0.00351562
0.00351562
0.00351562
0.00351562
0.00351562
0.00351562
0.00351562
0.00351562
0.00351562
0.00351562
0.00351562
0.00351562
0.00351562
0.00351562
0.00351562
0.00351562
0.00351562
0.00351562
0.00351562
0.00351562
0.00351562
0.00351562
0.00351562
0.00351562
0.00351562
0.00351562
0.00351562
0.00351562
0.00351562
0.00351562
0.00351562
0.00351562
0.00351562
0.00351562
0.00351562
0.00351562
0.00351562
0.00351562
0.00351562
0.00349769
0.00311283
0.0028131
0.00257967
0.00239788
0.00225629
0.00214603
0.00206016
0.00199328
0.00194119
0.00190063
0.00186904
0.00184444
0.00182527
0.00181035
0.00179873
0.00178968
0.00178263
0.00177714
0.00177287
0.00176954
0.00176694
0.00176492
0.00176335
0.00176213
0.00176117
0.00176043
0.00175985
0.0017594
0.00175905
0.00175877
0.00175856
0.0017584
0.00175827
0.00175817
0.00175809
0.00175803
0.00175798
0.00175794
0.00175791
0.00175789
0.00175787
0.00175786
0.00175785
0.00175784
0.00175784
0.00175783
0.00175783
0.00175782
0.00175782
0.00175782
0.00175782
0.00175782
0.00175782
0.00175781
0.00175781
0.00175781
0.00175781
0.00175781
0.00175781
0.00175781
0.00175781
0.00175781
0.00175781
0.00175781
0.00175781
0.00175781
0.00175781
0.00175781
0.00175781
0.00175781
0.00175781
0.00175781
0.00175781
0.00175781
0.00175781
0.00175781
0.00175781
0.00175781
0.00175781
0.00175781
0.00175781
0.00175781
0.00175781
0.00175781
0.00175781
0.00175781
0.00175781
0.00175781
0.00175781
0.00175781
0.00175781
0.00175781
0.00175781
0.00175781
0.00175781
0.00175781
0.00175781
0.00175781
0.00175781
0.00175781
0.00175781
0.00175781
0.00175781
0.00175781
0.00175781
0.00175781
0.00175781
0.00175781
0.00175781
0.00175781
0.00175781
0.00175781
0.00175781
0.00175781
0.00175781
0.00175781
0.00175781
0.00175781
0.00175781
0.00175781
0.00175781
0.00175781
0.00175781
0.00175781
0.00175781
0.00175781
0.00175781
0.00175781
0.00175781
0.00175781
0.00175781
0.00175781
0.00175781
0.00175781
0.00175781
0.00175781
0.00175781
0.00175781
0.00175781
0.00175781
0.00175781
0.00175781
0.00175781
0.00175781
0.00175781
0.00175781
0.00175781
0.00175781
0.00175781
0.00175781
0.00175781
0.00175781
0.00175781
0.00175781
0.00175781
0.00175781
0.00175781
0.00175781
0.00175781
0.00175781
0.00175781
0.00175781
0.00175781
0.00175781
0.00175781
0.00175781
0.00175781
0.00175781
0.00175781
0.00175781
0.00175781
0.00175781
0.00175781
0.00175781
0.00175781
0.00175781
0.00175781
0.00175781
0.00175781
0.00175781
0.00175781
0.00175781
0.00175781
0.00175781
0.00175781
0.00175781
0.00175781
0.00175781
0.00175781
0.00175781
0.00175781
0.00175781
0.00175781
0.00175781
0.00175781
0.00175781
0.00175781
0.00175781
0.00175781
0.00175781
0.00175781
0.00175781
0.00175781
0.00175781
0.00175781
0.00175781
0.00175781
0.00175781
0.00175781
0.00175781
0.00175781
0.00175781
0.00175781
0.00175781
0.00175781
0.00175781
0.00175781
0.00175781
0.00175781
0.00175781
0.00175781
0.00175781
0.00175781
0.00175781
0.00175781
0.00175781
0.00175781
0.00175781
0.00175781
0.00175781
0.00175781
0.00175781
0.00175781
0.00175781
0.00175781
0.00175781
0.00175781
0.00175781
0.00175781
0.00175781
0.00175781
0.00175781
0.00175781
0.00175781
0.00175781
0.00175781
0.00175781
0.00175781
0.00175781
0.00175781
0.00175781
0.00175781
0.00175781
0.00175781
0.00175781
0.00175781
0.00175781
0.00175781
0.00175781
0.00175781
0.00175781
0.00175781
0.00175781
0.00175781
0.00175781
0.00175781
0.00175781
0.00175781
0.00175781
0.00175781
0.00175781
0.00175781
0.00175781
0.00175781
0.00175781
0.00175781
0.00175781
0.00175781
0.00175781
0.00175781
0.00175781
0.00175781
0.00175781
0.00175781
0.00175781
0.00175781
0.00175781
0.00175781
0.00175781
0.00175781
0.00175781
0.00175781
0.00175781
0.00175781
0.00175781
0.00175781
0.00175781
0.00175781
0.00175781
0.00174884
0.00155641
0.00140655
0.00128984
0.00119894
0.00112815
0.00107302
0.00103008
0.000996639
0.000970597
0.000950315
0.000934519
0.000922218
0.000912637
0.000905176
0.000899365
0.00089484
0.000891315
0.00088857
0.000886433
0.000884768
0.000883471
0.000882461
0.000881675
0.000881063
0.000880586
0.000880214
0.000879925
0.0008797
0.000879524
0.000879387
0.000879281
0.000879198
0.000879134
0.000879083
0.000879044
0.000879014
0.00087899
0.000878971
0.000878957
0.000878946
0.000878937
0.00087893
0.000878925
0.000878921
0.000878918
0.000878915
0.000878913
0.000878912
0.00087891
0.000878909
0.000878909
0.000878908
0.000878908
0.000878907
0.000878907
0.000878907
0.000878907
0.000878907
0.000878907
0.000878907
0.000878906
0.000878906
0.000878906
0.000878906
0.000878906
0.000878906
0.000878906
0.000878906
0.000878906
0.000878906
0.000878906
0.000878906
0.000878906
0.000878906
0.000878906
0.000878906
0.000878906
0.000878906
0.000878906
0.000878906
0.000878906
0.000878906
0.000878906
0.000878906
0.000878906
0.000878906
0.000878906
0.000878906
0.000878906
0.000878906
0.000878906
0.000878906
0.000878906
0.000878906
0.000878906
0.000878906
0.000878906
0.000878906
0.000878906
0.000878906
0.000878906
0.000878906
0.000878906
0.000878906
0.000878906
0.000878906
0.000878906
0.000878906
0.000878906
0.000878906
0.000878906
0.000878906
0.000878906
0.000878906
0.000878906
0.000878906
0.000878906
0.000878906
0.000878906
0.000878906
0.000878906
0.000878906
0.000878906
0.000878906
0.000878906
0.000878906
0.000878906
0.000878906
0.000878906
0.000878906
0.000878906
0.000878906
0.000878906
0.000878906
0.000878906
0.000878906
0.000878906
0.000878906
0.000878906
0.000878906
0.000878906
0.000878906
0.000878906
0.000878906
0.000878906
0.000878906
0.000878906
0.000878906
0.000878906
0.000878906
0.000878906
0.000878906
0.000878906
0.000878906
0.000878906
0.000878906
0.000878906
0.000878906
0.000878906
0.000878906
0.000878906
0.000878906
0.000878906
0.000878906
0.000878906
0.000878906
0.000878906
0.000878906
0.000878906
0.000878906
0.000878906
0.000878906
0.000878906
0.000878906
0.000878906
0.000878906
0.000878906
0.000878906
0.000878906
0.000878906
0.000878906
0.000878906
0.000878906
0.000878906
0.000878906
0.000878906
0.000878906
0.000878906
0.000878906
0.000878906
0.000878906
0.000878906
0.000878906
0.000878906
0.000878906
0.000878906
0.000878906
0.000878906
0.000878906
0.000878906
0.000878906
0.000878906
0.000878906
0.000878906
0.000878906
0.000878906
0.000878906
0.000878906
0.000878906
0.000878906
0.000878906
0.000878906
0.000878906
0.000878906
0.000878906
0.000878906
0.000878906
0.000878906
0.000878906
0.000878906
0.000878906
0.000878906
0.000878906
0.000878906
0.000878906
0.000878906
0.000878906
0.000878906
0.000878906
0.000878906
0.000878906
0.000878906
0.000878906
0.000878906
0.000878906
0.000878906
0.000878906
0.000878906
0.000878906
0.000878906
0.000878906
0.000878906
0.000878906
0.000878906
0.000878906
0.000878906
0.000878906
0.000878906
0.000878906
0.000878906
0.000878906
0.000878906
0.000878906
0.000878906
0.000878906
0.000878906
0.000878906
0.000878906
0.000878906
0.000878906
0.000878906
0.000878906
0.000878906
0.000878906
0.000878906
0.000878906
0.000878906
0.000878906
0.000878906
0.000878906
0.000878906
0.000878906
0.000878906
0.000878906
0.000878906
0.000878906
0.000878906
0.000878906
0.000878906
0.000878906
0.000878906
0.000878906
0.000878906
0.000878906
0.000878906
0.000878906
0.000878906
0.000878906
0.000878906
0.000878906
0.000878906
0.000878906
0.000878906
0.000878906
0.000878906
0.000878906
0.000878906
0.000878906
0.000878906
