0
0
0
0
0
0.103497
0.12625
-0.169533
0.12625
-0.112652
-0.101276
0.114873
-0.0671468
0.0807445
0.12625
-0.169533
0.12625
-0.169533
-0.0443943
0.114873
0.012487
0.012487
0.12625
-0.180909
0.12625
-0.169533
0.12625
-0.0557706
-0.0898994
0.114873
0.0921208
-0.146781
0.12625
-0.169533
0.12625
-0.112652
-0.0330181
0.114873
0.12625
-0.180909
0.12625
-0.112652
-0.0898994
0.103497
-0.0557706
0.0807445
0.12625
-0.169533
0.12625
-0.180909
-0.0330181
0.103497
0.0238632
0.0011107
0.12625
-0.169533
0.12625
-0.180909
0.12625
-0.101276
-0.0443943
0.114873
0.103497
-0.146781
0.12625
-0.180909
0.12625
-0.101276
0.12625
-0.0557706
-0.0898994
0.0466157
0.12625
-0.169533
-0.0443943
0.114873
-0.0671468
0.0807445
0.12625
-0.169533
0.12625
-0.169533
0.12625
-0.0557706
0.0238632
0.0011107
0.12625
-0.180909
0.12625
-0.169533
0.12625
-0.112652
-0.0330181
0.114873
0.103497
-0.158157
0.12625
-0.169533
0.12625
-0.112652
0.12625
-0.0443943
-0.0898994
0.0352395
0.12625
-0.169533
0.12625
-0.101276
0.12625
-0.112652
0.183131
-0.169533
0.12625
-0.180909
-0.0330181
0.103497
0.0238632
0.0011107
0.12625
-0.169533
0.12625
-0.180909
0.12625
-0.0443943
-0.101276
0.114873
0.0921208
-0.135404
0.12625
-0.180909
0.12625
-0.101276
-0.0330181
0.103497
0.12625
-0.169533
0.12625
-0.112652
-0.101276
0.114873
-0.0671468
0.0807445
0.12625
-0.169533
0.12625
-0.169533
-0.0443943
0.114873
0.012487
0.012487
0.12625
-0.180909
0.12625
-0.169533
0.12625
-0.0557706
-0.0898994
0.114873
0.0921208
-0.146781
0.12625
-0.169533
0.12625
-0.112652
0.12625
-0.0443943
0.12625
-0.180909
0.12625
-0.112652
-0.0898994
0.103497
-0.0557706
0.0807445
0.12625
-0.169533
0.12625
-0.180909
-0.0330181
0.103497
0.0238632
0.0011107
0.12625
-0.169533
0.12625
-0.180909
0.12625
-0.101276
-0.0443943
0.114873
0.103497
-0.146781
0.12625
-0.180909
0.12625
-0.101276
0.12625
-0.0557706
-0.0898994
0.0466157
0.12625
-0.169533
-0.0443943
0.114873
-0.0671468
0.0807445
0.12625
-0.169533
0.12625
-0.169533
0.12625
-0.0557706
0.0238632
0.0011107
0.12625
-0.180909
0.12625
-0.169533
0.12625
-0.112652
-0.0330181
0.114873
0.103497
-0.158157
0.12625
-0.169533
0.12625
-0.112652
0.12625
-0.0443943
-0.0898994
0.0352395
0.12625
-0.169533
0.12625
-0.101276
0.12625
-0.112652
0.0466157
-0.0330181
0.12625
-0.180909
-0.0330181
0.103497
0.0238632
0.0011107
0.12625
-0.169533
0.12625
-0.180909
0.12625
-0.0443943
-0.101276
0.114873
0.0921208
-0.135404
0.12625
-0.180909
0.12625
-0.101276
-0.0330181
0.103497
-0.0898994
0.0466157
0.12625
-0.169533
0.114873
-0.101276
0.12625
-0.112652
0.0466157
-0.0330181
0.12625
-0.169533
0.12625
-0.112652
0.0693682
0.012487
0.12625
-0.180909
0.12625
-0.169533
0.12625
-0.0557706
-0.0898994
0.114873
0.0921208
-0.146781
0.12625
-0.169533
0.12625
-0.112652
0.12625
-0.0443943
0.12625
-0.180909
0.12625
-0.112652
-0.0898994
0.103497
-0.0557706
0.0807445
0.12625
-0.169533
0.12625
-0.180909
-0.0330181
0.103497
0.0238632
0.0011107
0.12625
-0.169533
0.12625
-0.180909
0.12625
-0.101276
-0.0443943
0.114873
0.103497
-0.146781
0.12625
-0.180909
0.12625
-0.101276
0.12625
-0.0557706
-0.0898994
0.0466157
0.12625
-0.169533
-0.0443943
0.114873
-0.0671468
0.0807445
0.12625
-0.169533
0.12625
-0.169533
0.12625
-0.0557706
0.0238632
0.0011107
0.12625
-0.180909
0.12625
-0.169533
0.12625
-0.112652
-0.0330181
0.114873
0.103497
-0.158157
0.12625
-0.169533
0.12625
-0.112652
0.12625
-0.0443943
-0.0898994
0.0352395
0.12625
-0.169533
0.12625
-0.101276
0.12625
-0.112652
0.0466157
-0.0443943
0.137626
-0.180909
-0.0330181
0.103497
0.0238632
0.0011107
0.12625
-0.169533
0.12625
-0.180909
0.12625
-0.0443943
-0.101276
0.114873
0.0921208
-0.135404
0.12625
-0.180909
0.12625
-0.101276
-0.0102656
0.0807445
-0.0898994
0.0466157
0.12625
-0.169533
0.114873
-0.101276
0.12625
-0.112652
0.0466157
-0.0330181
0.12625
-0.169533
0.12625
-0.112652
0.12625
-0.0785231
0.160378
-0.180909
0.12625
-0.169533
-0.0330181
0.103497
-0.0898994
0.114873
0.0807445
-0.135404
0.12625
-0.169533
0.12625
-0.112652
-0.0330181
0.114873
-0.101276
0.0466157
0.12625
-0.169533
0.12625
-0.101276
0.12625
-0.0557706
-0.0216418
-0.0330181
0.137626
-0.180909
-0.0330181
0.103497
0.0238632
0.0011107
0.12625
-0.169533
0.12625
-0.180909
0.12625
-0.101276
-0.0443943
0.114873
0.103497
-0.146781
0.12625
-0.180909
0.12625
-0.101276
0.12625
-0.0557706
-0.0898994
0.0466157
0.12625
-0.169533
-0.0443943
0.114873
-0.0671468
0.0807445
0.12625
-0.169533
0.12625
-0.169533
0.12625
-0.0557706
0.0238632
0.0011107
0.12625
-0.180909
0.12625
-0.169533
0.12625
-0.112652
-0.0330181
0.114873
0.103497
-0.158157
0.12625
-0.169533
0.12625
-0.112652
0.12625
-0.0443943
-0.0898994
0.0352395
0.12625
-0.169533
0.12625
-0.101276
0.12625
-0.0557706
0.12625
-0.169533
0.12625
-0.180909
-0.0330181
0.103497
0.0238632
0.0011107
0.12625
-0.169533
0.12625
-0.180909
0.12625
-0.0443943
-0.101276
0.114873
0.0921208
-0.135404
0.12625
-0.180909
0.12625
-0.101276
-0.0443943
0.114873
-0.0898994
0.0466157
0.12625
-0.169533
0.114873
-0.101276
0.12625
-0.112652
0.0466157
-0.0330181
0.12625
-0.169533
-0.0102656
0.0807445
0.012487
0.012487
0.12625
-0.180909
0.12625
-0.169533
-0.0443943
0.114873
-0.0898994
0.114873
0.0807445
-0.135404
0.12625
-0.169533
0.12625
-0.112652
-0.0330181
0.114873
-0.101276
0.0466157
0.12625
-0.169533
0.12625
-0.101276
0.12625
-0.0557706
-0.0216418
-0.0330181
0.12625
-0.169533
0.12625
-0.101276
0.12625
-0.112652
0.103497
-0.0898994
0.12625
-0.180909
0.12625
-0.0443943
-0.101276
0.114873
0.0921208
-0.135404
0.12625
-0.180909
0.12625
-0.101276
-0.0443943
0.114873
-0.0898994
0.0466157
0.12625
-0.169533
-0.0443943
0.114873
-0.0671468
0.0807445
0.12625
-0.169533
0.12625
-0.169533
0.12625
-0.0557706
0.0238632
0.0011107
0.12625
-0.180909
0.12625
-0.169533
0.12625
-0.112652
-0.0330181
0.114873
0.103497
-0.158157
0.12625
-0.169533
0.12625
-0.112652
0.12625
-0.0443943
-0.0898994
0.0352395
0.12625
-0.169533
-0.0330181
0.103497
-0.0557706
0.0807445
0.12625
-0.169533
0.12625
-0.180909
-0.0330181
0.103497
0.0238632
0.0011107
0.12625
-0.169533
0.12625
-0.180909
0.12625
-0.0443943
-0.101276
0.114873
0.0921208
-0.135404
0.12625
-0.180909
0.12625
-0.101276
-0.0443943
0.114873
-0.0898994
0.0466157
0.12625
-0.169533
0.114873
-0.101276
0.12625
-0.112652
0.0466157
-0.0330181
0.12625
-0.112652
-0.101276
0.114873
0.012487
0.012487
0.12625
-0.180909
0.12625
-0.169533
-0.0443943
0.114873
-0.0898994
0.114873
0.0807445
-0.135404
0.12625
-0.169533
0.12625
-0.112652
-0.0330181
0.114873
-0.101276
0.0466157
0.12625
-0.169533
0.12625
-0.101276
0.12625
-0.0557706
-0.0216418
-0.0330181
0.12625
-0.169533
0.12625
-0.101276
0.12625
-0.0557706
0.12625
-0.169533
0.12625
-0.180909
0.12625
-0.0443943
-0.101276
0.114873
0.0921208
-0.135404
0.12625
-0.180909
0.12625
-0.101276
-0.0443943
0.114873
-0.0898994
0.0466157
0.12625
-0.169533
0.114873
-0.101276
0.12625
-0.0557706
-0.0102656
-0.0330181
0.12625
-0.169533
0.12625
-0.112652
0.12625
-0.112652
0.114873
-0.101276
0.12625
-0.169533
0.12625
-0.0557706
-0.0898994
0.114873
0.0921208
-0.146781
0.12625
-0.169533
0.12625
-0.112652
0.12625
-0.0443943
-0.0898994
0.0352395
0.12625
-0.169533
0.12625
-0.0557706
-0.0557706
0.0807445
0.12625
-0.169533
0.12625
-0.180909
-0.0330181
0.103497
0.0238632
0.0011107
0.12625
-0.169533
0.12625
-0.180909
0.12625
-0.0443943
-0.101276
0.114873
0.0921208
-0.135404
0.12625
-0.180909
0.12625
-0.101276
-0.0443943
0.114873
-0.0898994
0.0466157
0.12625
-0.169533
0.114873
-0.101276
0.12625
-0.112652
0.0466157
-0.0330181
0.12625
-0.112652
-0.101276
0.114873
0.012487
0.012487
0.12625
-0.180909
0.12625
-0.169533
-0.0443943
0.114873
-0.0898994
0.114873
0.0807445
-0.135404
0.12625
-0.169533
0.12625
-0.112652
-0.0330181
0.114873
-0.101276
0.0466157
0.12625
-0.169533
0.12625
-0.101276
0.12625
-0.0557706
-0.0216418
-0.0330181
0.12625
-0.169533
0.12625
-0.101276
0.12625
-0.112652
0.183131
-0.169533
0.12625
-0.180909
0.12625
-0.0443943
-0.101276
0.114873
0.0921208
-0.135404
0.12625
-0.180909
0.12625
-0.101276
-0.0443943
0.114873
-0.0898994
0.0466157
0.12625
-0.169533
0.114873
-0.101276
0.12625
-0.0557706
-0.0102656
-0.0330181
0.12625
-0.169533
0.12625
-0.112652
0.12625
-0.112652
0.114873
-0.101276
0.12625
-0.169533
0.12625
-0.0557706
-0.0898994
0.114873
0.0921208
-0.146781
0.12625
-0.169533
0.12625
-0.112652
-0.0330181
0.114873
-0.101276
0.0466157
0.12625
-0.169533
0.12625
-0.101276
0.12625
-0.0557706
-0.0102656
-0.0443943
0.12625
-0.169533
0.12625
-0.101276
0.12625
-0.0557706
0.12625
-0.169533
0.12625
-0.180909
0.12625
-0.0443943
-0.101276
0.114873
0.0921208
-0.135404
0.12625
-0.180909
0.12625
-0.101276
-0.0443943
0.114873
-0.0898994
0.0466157
0.12625
-0.169533
0.114873
-0.101276
0.12625
-0.112652
0.0466157
-0.0330181
0.12625
-0.169533
-0.0443943
0.114873
0.012487
0.012487
0.12625
-0.180909
0.12625
-0.169533
-0.0443943
0.114873
-0.0898994
0.114873
0.0807445
-0.135404
0.12625
-0.169533
0.12625
-0.112652
-0.0330181
0.114873
-0.101276
0.0466157
0.12625
-0.169533
0.12625
-0.101276
0.12625
-0.0557706
-0.0216418
-0.0330181
0.12625
-0.169533
0.12625
-0.101276
0.12625
-0.112652
0.103497
-0.0898994
0.12625
-0.180909
0.12625
-0.0443943
-0.101276
0.114873
0.0921208
-0.135404
0.12625
-0.180909
0.12625
-0.101276
-0.0443943
0.114873
-0.0898994
0.0466157
0.12625
-0.169533
0.114873
-0.101276
0.12625
-0.0557706
-0.0102656
-0.0330181
0.12625
-0.169533
0.12625
-0.112652
0.12625
-0.112652
0.114873
-0.101276
0.12625
-0.169533
0.12625
-0.112652
-0.0330181
0.114873
0.0921208
-0.146781
0.12625
-0.169533
0.12625
-0.112652
-0.0330181
0.114873
-0.101276
0.0466157
0.12625
-0.169533
0.12625
-0.101276
0.12625
-0.0557706
-0.0102656
-0.0443943
0.12625
-0.169533
0.12625
-0.101276
0.12625
-0.112652
0.103497
-0.0898994
0.12625
-0.180909
0.12625
0
0
0
0
0
