0
0
0
0
0
0.160287
-0.13444
0.0599731
-0.0868746
-0.00621494
-0.130312
0.0299753
0.213013
-0.00208661
-0.137559
0.0568544
-0.112744
-0.00933363
-0.122055
0.0268566
0.209895
-0.0052053
-0.140678
0.0423603
-0.0362351
0.101301
0.216087
0.0237379
0.206776
-0.00832398
0.197465
0.050617
-0.130357
-0.00419565
0.178842
0.0206193
0.203657
-0.0114427
0.217097
0.036123
0.00302894
0.0950639
0.20985
0.0175006
0.200538
-0.0145614
-0.138658
0.0330043
-0.136594
0.137447
0.218106
0.0598833
0.220171
0.107449
0.210859
0.0298856
0.224299
0.0888266
0.203612
0.0226385
0.205676
0.10433
0.196365
0.0381422
-0.131456
-0.0166704
0.211869
0.0195199
0.202558
0.101212
0.204622
0.0236482
0.0133049
0.0825892
0.20875
0.0164012
0.199439
0.109468
0.212879
0.0319049
-0.137694
0.136347
0.205632
0.0474086
0.219071
0.0949742
0.20976
0.0287862
0.211824
0.0877272
0.202513
0.0101638
0.193202
-0.0218981
0.206641
0.0256675
-0.143931
0.0504824
0.21077
0.0525466
-0.0260489
0.134238
-0.149114
0.0339242
0.0463316
0.126991
0.207651
0.0494279
-0.040543
0.0969935
0.200404
0.0194301
-0.150168
0.123873
0.204532
0.0463092
0.206596
0.0938748
0.197285
0.0163114
0.210725
0.0752524
0.190038
0.00906439
0.192102
0.0793807
0.182791
0.0245681
-0.14503
-0.0302446
0.198295
0.0059457
0.188984
0.0876374
0.191048
0.010074
0.0224815
0.069015
0.195176
0.00282701
-0.0530177
0.0958941
0.199304
0.0183307
-0.151268
0.122773
0.192057
0.0338344
0.205497
0.0814
0.196186
0.015212
0.19825
0.074153
0.188939
-0.00341037
-0.0478797
0.0896567
0.193067
0.0120933
-0.157505
0.0482836
0.197195
0.0389724
-0.0396231
0.120664
-0.162688
0.02035
0.0441328
0.113417
0.194077
0.0358537
-0.0541171
0.0834193
0.18683
0.00585596
-0.163742
0.110298
0.190958
0.032735
0.193022
0.0803007
0.183711
0.00273727
0.197151
0.0616783
0.176464
0.0296163
-0.0603545
0.0885573
0.180592
0.0109939
-0.158604
-0.0438187
0.184721
0.0264976
0.19816
0.108189
-0.175163
0.0192506
-0.127597
-0.0469374
-0.171034
-0.0107471
0.172291
-0.0428091
0.16298
0.0161319
-0.164842
0.109199
0.189859
0.0316356
-0.0469598
0.113327
-0.1814
0.0130132
-0.133834
-0.0417994
0.18674
0.0285169
-0.0614539
0.0760826
0.179493
-0.00148082
-0.171079
0.0233341
0.183621
0.0253982
-0.0531972
0.10709
-0.176262
0.00677586
0.0191833
0.0998429
0.180503
0.0222796
-0.0676913
0.0698452
0.173256
-0.0077182
-0.177317
0.0967243
0.177384
0.0191609
0.179448
0.0667265
-0.182499
-0.0108369
-0.078057
0.0481041
-0.189746
-0.0180839
-0.0739287
0.0522324
0.155643
-0.00258021
-0.172179
-0.0573929
0.171147
-0.0212026
0.161835
0.0604891
0.163899
-0.0170743
0.00670855
0.0418667
0.168028
0.0098048
-0.080166
0.0687458
0.172156
-0.00881759
-0.178416
0.0956249
0.164909
0.00668611
0.178349
0.0542517
0.169037
-0.0119363
-0.147409
-0.0553736
0.173166
0.0149428
-0.075028
0.0625084
0.165919
-0.015055
-0.184653
0.0325107
0.170047
-0.0336774
0.149361
-0.0657393
0.1628
-0.0181737
-0.0512677
0.0407673
0.155553
-0.0367961
0.146242
-0.068858
-0.192955
-0.0212923
-0.190891
0.0831501
0.16381
0.00558672
0.165874
0.0531523
0.156563
-0.024411
0.170002
0.03453
0.149316
-0.0316581
0.15138
0.0500337
0.142069
-0.0161544
-0.185753
-0.070967
0.157572
-0.0347768
0.148261
0.046915
0.150325
-0.0306484
-0.0296163
0.0282926
0.154454
-0.0378954
0.145142
0.0551716
0.158582
-0.0223917
-0.19199
0.0820507
0.151335
-0.00688804
0.164775
0.0406776
0.155463
-0.0255104
0.157527
0.0334306
0.148216
-0.0441328
0.138905
0.0489343
0.152345
-0.0286291
-0.198228
-0.00381422
0.156473
-0.00175006
-0.0803455
0.0799417
-0.20341
-0.0203724
-0.007965
0.0726946
0.153354
-0.00486875
-0.0948396
0.0426969
0.146107
-0.0348665
-0.204465
0.0695759
0.150236
-0.00798744
0.1523
0.0395782
-0.209648
-0.0379852
-0.105205
0.0209558
-0.216895
-0.0452322
-0.101077
0.0250841
0.128495
-0.0297285
-0.199327
-0.0845412
0.143998
-0.0483509
0.134687
0.0333408
0.136751
-0.0442226
-0.0204398
-0.0876599
-0.211757
-0.0514696
0.131568
-0.0835315
-0.219004
-0.0245905
-0.194189
-0.0907786
-0.192125
-0.0545883
0.12845
-0.0866502
-0.222123
-0.0390846
-0.11768
0.0198564
0.134642
-0.057707
0.125331
-0.0897689
0.11602
-0.0308279
-0.211802
-0.0856406
0.131523
-0.0608257
0.122212
-0.0928876
0.135652
-0.045322
-0.078416
0.013619
0.128405
-0.0639444
0.119094
-0.0960063
0.0756563
-0.0484407
-0.218039
0.0560018
0.136661
-0.0215616
0.138726
0.026004
0.129414
-0.0515593
-0.118779
0.00738165
0.0311645
-0.0588064
0.0218533
0.01151
0.11492
-0.0433027
-0.212901
-0.0981153
0.130424
-0.027799
-0.0950191
0.0652681
-0.229459
-0.035046
-0.181894
-0.101234
-0.225331
-0.0650438
0.117994
-0.0971057
-0.232578
-0.0381647
-0.207763
-0.104353
-0.182948
-0.0681624
0.114875
-0.100224
-0.235697
-0.0526587
-0.131254
0.00628225
0.121068
-0.0712811
0.111757
0.0104106
0.102446
-0.0444021
-0.225376
-0.0992147
0.117949
-0.0288984
-0.107494
0.0641687
-0.230559
-0.0475208
-0.182993
-0.102333
-0.237806
-0.0661431
0.105519
-0.10958
0.0962082
-0.0506394
-0.220238
-0.105452
-0.0702939
-0.0351357
-0.113731
0.046556
-0.236796
-0.0423828
-0.200606
-0.108571
0.0858425
-0.0382544
-0.128225
0.0206866
0.112722
-0.0568768
-0.226475
-0.100314
0.11685
-0.0413731
-0.119969
0.051694
-0.243033
-0.0486201
-0.195468
-0.114808
-0.238905
-0.0786179
0.10442
-0.11068
-0.246152
-0.0517388
-0.221337
-0.117927
-0.219273
-0.0817366
0.101301
-0.113799
-0.249271
-0.0662329
-0.144828
-0.0072919
0.107494
-0.0848553
0.0981826
-0.116917
0.0888714
-0.0579762
-0.23895
-0.112789
0.104375
-0.087974
0.0950639
-0.120036
0.108503
-0.0724703
-0.105564
-0.0135293
0.101256
-0.0910927
0.0919453
-0.123155
-0.247252
-0.075589
-0.245187
0.0288535
0.109513
-0.0487099
0.111577
-0.00114427
0.102266
-0.0787077
0.115706
-0.0197667
0.0950191
-0.0859547
0.0970832
-0.00426296
0.087772
-0.070451
-0.240049
-0.125264
0.103276
-0.0890734
0.0939646
-0.00738165
0.0960287
-0.084945
-0.0839129
-0.026004
0.100157
-0.0921921
0.0908459
0.000875028
0.104285
-0.0766884
-0.246287
0.0277541
0.0970384
-0.0611847
0.110478
-0.013619
0.101167
-0.079807
0.103231
-0.0208661
0.0939197
-0.0984294
0.0846085
-0.00536235
0.098048
-0.0829257
-0.252524
-0.0581108
0.102176
-0.0560467
-0.134642
0.0256451
-0.257707
-0.0746691
-0.0622616
0.018398
0.0990577
-0.0591654
-0.149136
-0.0115997
0.0918106
-0.0891631
-0.258761
0.0152793
0.095939
-0.062284
0.0980031
-0.0147184
-0.263944
-0.0922818
-0.159502
-0.0333408
-0.271191
-0.0995288
-0.155374
-0.0292125
0.0741979
-0.0840251
-0.253624
-0.138838
0.0897016
-0.102648
0.0803904
-0.0209558
0.0824546
-0.0757685
-0.222616
-0.141956
-0.266053
-0.105766
0.0772717
-0.137828
-0.2733
-0.0788871
-0.248486
-0.145075
-0.246421
-0.108885
0.074153
-0.140947
-0.276419
-0.0933812
-0.171977
-0.0344402
0.0803455
-0.112004
0.0710343
-0.144066
0.0617231
-0.0851245
-0.266098
-0.139937
0.0772268
-0.115122
0.0679156
-0.147184
0.0813552
-0.0996186
-0.132713
-0.0406776
0.0741081
-0.118241
0.0647969
-0.150303
0.032735
-0.102737
-0.272336
0.00170518
0.0823648
-0.0758582
0.084429
-0.0282926
0.0751178
-0.105856
-0.173076
-0.046915
-0.0458829
-0.113103
-0.0438187
-0.0427866
0.0606237
-0.0975993
-0.267198
-0.141037
0.0875028
-0.0820956
-0.149316
0.0109715
-0.283756
-0.0893426
-0.23619
-0.155531
-0.279628
-0.11934
0.0636976
-0.151402
-0.286875
-0.0924613
-0.26206
-0.158649
-0.237245
-0.122459
0.0605789
-0.154521
-0.289993
-0.106955
-0.185551
-0.0480144
0.0667714
-0.125578
0.0574602
-0.043886
0.048149
-0.0986987
-0.279672
-0.153511
0.0636527
-0.083195
-0.16179
0.00987211
-0.284855
-0.101817
-0.23729
-0.15663
-0.292102
-0.12044
0.0512228
-0.163877
0.0419116
-0.104936
-0.274534
-0.159749
-0.124591
-0.0894324
-0.168028
-0.00774063
-0.291093
-0.0966794
-0.254902
-0.162867
0.065672
-0.092551
-0.182522
-0.0336101
0.0584249
-0.111173
-0.280772
-0.13186
0.0625533
-0.0956697
-0.174265
-0.00260265
-0.29733
-0.102917
-0.249764
-0.169105
-0.293202
-0.132915
0.0501234
-0.164976
-0.300449
-0.106035
-0.275634
-0.172223
-0.27357
-0.136033
0.0470047
-0.168095
-0.303567
-0.12053
-0.199125
-0.0615885
0.0531972
-0.139152
0.043886
-0.171214
0.0345748
-0.112273
-0.293247
-0.167085
0.0500785
-0.142271
0.0407673
-0.174333
0.0542069
-0.126767
-0.159861
-0.0678259
0.0469598
-0.145389
0.0376486
-0.177451
0.00558672
-0.129886
-0.299484
-0.0254431
0.0552165
-0.103007
0.0572807
-0.0554409
0.0479695
-0.133004
-0.200224
-0.0740633
-0.0730312
-0.140251
-0.070967
-0.0699349
0.0334754
-0.124748
-0.294346
-0.122683
0.0603545
-0.109244
-0.176464
-0.0161768
-0.310904
-0.116491
-0.263339
-0.182679
-0.306776
-0.146489
0.0365492
-0.178551
-0.314023
-0.11961
-0.289208
-0.185798
-0.264393
-0.149607
0.0334306
-0.181669
-0.317142
-0.134104
-0.212699
-0.0751627
0.0396231
-0.152726
0.0303119
-0.0710343
0.0210007
-0.125847
-0.306821
-0.18066
0.0478797
-0.110343
-0.188939
-0.0172762
-0.312004
-0.128966
-0.264438
-0.183778
-0.319251
-0.147588
0.0240745
-0.191025
0.0147633
-0.132084
-0.301683
-0.186897
-0.151739
-0.116581
-0.195176
-0.0348889
-0.318241
-0.123828
-0.282051
-0.190016
0.0385237
-0.119699
-0.20967
-0.0607584
0.0312766
-0.138322
-0.30792
-0.159008
0.035405
-0.122818
-0.190038
-0.029751
-0.324478
-0.130065
-0.276913
-0.196253
-0.32035
-0.160063
0.0229751
-0.192125
-0.327597
-0.133184
-0.302782
-0.199372
-0.277967
-0.163182
0.0198564
-0.195243
-0.330716
-0.147678
-0.226273
-0.0887368
0.0260489
-0.1663
0.0167377
-0.0846085
0.00742652
-0.139421
-0.320395
-0.0349787
0.0343056
-0.123917
-0.202513
-0.0308503
-0.325578
-0.14254
-0.278012
-0.197352
-0.332825
-0.161162
0.0105003
-0.2046
0.0125645
-0.145659
-0.315257
-0.200471
-0.0515593
-0.130155
-0.20875
-0.0484631
-0.331815
-0.137402
-0.295625
-0.20359
0.0249495
-0.133274
-0.223244
-0.0743325
0.0177025
-0.151896
-0.321494
-0.127081
0.0218308
-0.136392
-0.203612
-0.0433251
-0.338053
-0.143639
-0.290487
-0.209827
-0.333924
-0.173637
0.00940094
-0.205699
8.97465e-05
-0.146758
-0.327732
-0.0536908
0.0269688
-0.131254
-0.20985
-0.0609379
-0.34429
-0.149877
-0.296724
-0.181939
0.0238501
-0.134373
-0.235719
-0.0868073
0.0166031
-0.164371
-0.333969
-0.0485528
0.0207314
-0.137492
-0.216087
-0.0557999
-0.339152
-0.156114
-0.00720215
-0.0630469
0.0176127
-0.14061
-0.230581
-0.0930446
0.0103657
-0.170608
-0.340206
-0.0661656
0.0144941
-0.143729
0.0165582
-0.0961633
0.00724703
-0.173727
0.0206866
-0.114786
-9.312e-15
0
0
0
0
0
